[{"id": 0, "img_name": "00.png", "width": 1220, "height": 682, "position": [0.35603442514551786, 0.23682355065528923, 0.1457037914276567], "rotation": [[0.9883229045368621, 0.02403703311445997, 0.1504661337539942], [0.03271453684983311, 0.9309779916085201, -0.3636065706491936], [-0.14882068218672237, 0.36428313189004574, 0.9193205123208434]], "fy": 614.3566287150533, "fx": 612.7044695165943}, {"id": 1, "img_name": "01.png", "width": 1220, "height": 682, "position": [4.367536824771777, 0.3689933801518581, -0.28337971729792416], "rotation": [[0.9993744530890493, 0.02372308390373323, 0.026228187185936242], [-0.012541208130108839, 0.931168799216976, -0.3643725915370863], [-0.03306691112882135, 0.3638157262336407, 0.9308838255837767]], "fy": 614.3566287150533, "fx": 612.7044695165943}, {"id": 2, "img_name": "02.png", "width": 1220, "height": 682, "position": [4.255369330899662, -2.5827644371269174, -1.402856842879768], "rotation": [[0.9997684593114444, 0.020321024948683063, -0.00707698460189253], [-0.020904536273210417, 0.9952069310782329, -0.09553096198116871], [0.005101777065146353, 0.09565678375776844, 0.9954013017833043]], "fy": 614.3566287150533, "fx": 612.7044695165943}, {"id": 3, "img_name": "03.png", "width": 1220, "height": 682, "position": [0.30642052450404306, -2.6445620783528474, -0.8902203121731794], "rotation": [[0.9967358106896751, -0.004895592312664967, 0.08058384989999144], [0.006068821776297484, 0.9998790370980716, -0.014320634555795526], [-0.08050399425521515, 0.014762938316652385, 0.9966449531107932]], "fy": 614.3566287150533, "fx": 612.7044695165943}, {"id": 4, "img_name": "04.png", "width": 1220, "height": 682, "position": [-1.5310269864735404, -2.650977068125513, -0.7331570963342136], "rotation": [[0.9826849109837202, -0.05599843083606002, 0.17661976522693285], [0.05946336733843669, 0.9981268730314639, -0.01438239469650971], [-0.17548354244684033, 0.024635768230989924, 0.9841740726385637]], "fy": 614.3566287150533, "fx": 612.7044695165943}, {"id": 5, "img_name": "05.png", "width": 1220, "height": 682, "position": [0.41385645306305974, 3.3082723510954053, 1.1502859574596116], "rotation": [[0.988296811746712, 0.04093008402002017, 0.14694944747564856], [0.029264499870798086, 0.8945641035928641, -0.44598055295091915], [-0.1497097222580964, 0.4450615606690939, 0.8828970530453673]], "fy": 614.3566287150533, "fx": 612.7044695165943}, {"id": 6, "img_name": "06.png", "width": 1220, "height": 682, "position": [4.513101451099198, 3.393197920717275, 0.7542879467473843], "rotation": [[0.9986769195359239, 0.03028323987377799, 0.041561229156326894], [-0.011140219746657283, 0.9164233245231468, -0.40005522840470337], [-0.05020264823924811, 0.399062921921707, 0.9155481846724812]], "fy": 614.3566287150533, "fx": 612.7044695165943}, {"id": 7, "img_name": "07.png", "width": 1220, "height": 682, "position": [-3.4557820550637635, -2.66670897727338, -0.510525151674942], "rotation": [[0.9626472984689659, -0.08403652265824504, 0.2573869491833488], [0.08387837330284194, 0.9964083117543503, 0.011614420300410957], [-0.2574385309981212, 0.010408608281406814, 0.9662386163009495]], "fy": 614.3566287150533, "fx": 612.7044695165943}, {"id": 8, "img_name": "08.png", "width": 1220, "height": 682, "position": [-3.374844874306998, 3.155602522642771, 1.7242741509068686], "rotation": [[0.9625860635682743, 0.05854064949854787, 0.2645771391870858], [0.06535150450280633, 0.8974128446497753, -0.43632484127862553], [-0.26297766270798373, 0.4372907255063686, 0.8600113780077329]], "fy": 614.3566287150533, "fx": 612.7044695165943}, {"id": 9, "img_name": "09.png", "width": 1220, "height": 682, "position": [-3.4546197390530615, 0.17219492478487125, 0.5286577200487748], "rotation": [[0.9755482884738026, 0.040934435664343335, 0.2159395953332227], [0.044874116878107835, 0.9247095408167962, -0.3780192835779677], [-0.21515541008825262, 0.3784661637441738, 0.9002619132288802]], "fy": 614.3566287150533, "fx": 612.7044695165943}, {"id": 10, "img_name": "10.png", "width": 1220, "height": 682, "position": [2.233254313325341, 3.326155339658782, 0.9338169341737662], "rotation": [[0.9946508113341745, 0.04120904703053867, 0.09471841402337365], [0.008506243175943107, 0.8811822109600942, -0.47270028021412425], [-0.10294370956644264, 0.4709774150957928, 0.8761180668896089]], "fy": 614.3566287150533, "fx": 612.7044695165943}, {"id": 11, "img_name": "11.png", "width": 1220, "height": 682, "position": [2.062948467596883, -2.613399771442995, -1.0954700635171], "rotation": [[0.9934839219009888, -0.023481997679480456, 0.11152709405884675], [0.03042000441647768, 0.9976789622773773, -0.06092053480097699], [-0.10983769960961244, 0.06391622653220734, 0.991892330714555]], "fy": 614.3566287150533, "fx": 612.7044695165943}, {"id": 12, "img_name": "12.png", "width": 1220, "height": 682, "position": [-1.2673918331113458, 3.249816743397655, 1.451568596107329], "rotation": [[0.9831803864836026, 0.06293034967316068, 0.171452905265462], [0.017593478005144124, 0.9017629816496843, -0.43187266000286884], [-0.18178778057294243, 0.4276251816910281, 0.8854885130921116]], "fy": 614.3566287150533, "fx": 612.7044695165943}]