[{"id": 0, "img_name": "00.png", "width": 2682, "height": 2010, "position": [0.33627774399203375, -1.1268337348192465, -0.22234363775303478], "rotation": [[0.9377133877367705, -0.010454079351688132, 0.3472525229341578], [0.00340416691886862, 0.9997756538595921, 0.02090582687226957], [-0.34739316934392617, -0.01842156818876819, 0.9375386027885194]], "fy": 1461.6102428536492, "fx": 1460.2523065223145}, {"id": 1, "img_name": "01.png", "width": 2682, "height": 2010, "position": [5.528130682569556, -1.0708154059689183, -0.5503167978038014], "rotation": [[0.9678702689702966, -0.017221931980421542, -0.25085961712126437], [0.022078665334860133, 0.999619098287786, 0.01655870995412425], [0.250478891287064, -0.02156532858955091, 0.9678818428002602]], "fy": 1461.6102428536492, "fx": 1460.2523065223145}, {"id": 2, "img_name": "02.png", "width": 2682, "height": 2010, "position": [4.561905791872935, -1.1067023424191578, -0.8637964485900507], "rotation": [[0.9910084322936343, -0.012383369881585032, -0.13322514504885763], [0.014465000004639027, 0.9997877788967241, 0.014668365403855138], [0.13301522806723706, -0.01646357552693442, 0.9909772448361718]], "fy": 1461.6102428536492, "fx": 1460.2523065223145}, {"id": 3, "img_name": "03.png", "width": 2682, "height": 2010, "position": [2.37658805451112, -1.1190776874104802, -1.0574817080761567], "rotation": [[0.9920856440864833, 0.015410241489661613, 0.12461380041848429], [-0.01845385554927358, 0.9995580216563638, 0.023307006624253588], [-0.12419955721690021, -0.025422151750919268, 0.9919315420871941]], "fy": 1461.6102428536492, "fx": 1460.2523065223145}, {"id": 4, "img_name": "04.png", "width": 2682, "height": 2010, "position": [1.340854120172043, -1.1273895553557387, -0.6350153800553837], "rotation": [[0.9750682911200012, 0.01308071735369772, 0.22151912442458113], [-0.01611731817688898, 0.9997992200879452, 0.01190594667891337], [-0.2213189095109257, -0.01517940529299075, 0.9750833430778343]], "fy": 1461.6102428536492, "fx": 1460.2523065223145}, {"id": 5, "img_name": "05.png", "width": 2682, "height": 2010, "position": [-0.6742028553408512, -1.1269244045581581, 0.1532284654213122], "rotation": [[0.8816374627990762, 0.012852438713335902, 0.47175226444430274], [-0.015959884584376416, 0.9998692881321645, 0.0025862587133682418], [-0.4716573610930511, -0.009809254263145276, 0.8817273457580526]], "fy": 1461.6102428536492, "fx": 1460.2523065223145}, {"id": 6, "img_name": "06.png", "width": 2682, "height": 2010, "position": [-1.7055007709430607, -1.1263813487235093, 0.5511785364612581], "rotation": [[0.8192160618030253, 0.011560994007752096, 0.5733684570165108], [-0.02916346427993156, 0.9993430168014638, 0.021518064999960094], [-0.5727429933531573, -0.03434935498232932, 0.8190150092502354]], "fy": 1461.6102428536492, "fx": 1460.2523065223145}, {"id": 7, "img_name": "07.png", "width": 2682, "height": 2010, "position": [-2.713561040701751, -1.1307083269874196, 0.9259165252065013], "rotation": [[0.7515418549488797, -0.008772174421793733, 0.6596270834463293], [-0.016164435459936573, 0.9993664845054133, 0.03170710761884633], [-0.65948733974676, -0.03449171789292591, 0.7509239442916548]], "fy": 1461.6102428536492, "fx": 1460.2523065223145}, {"id": 8, "img_name": "08.png", "width": 2682, "height": 2010, "position": [-3.2240272353923243, -1.0809617189313503, 2.1253422497326424], "rotation": [[0.6631288331194966, 0.0026105945770314542, 0.7485007251042108], [-0.03204300485743529, 0.9991761944749942, 0.02490337796715277], [-0.7478190934479283, -0.04049836034239985, 0.6626661952176947]], "fy": 1461.6102428536492, "fx": 1460.2523065223145}, {"id": 9, "img_name": "09.png", "width": 2682, "height": 2010, "position": [-3.670039826596129, -1.0618936037371536, 2.981436563901041], "rotation": [[0.5743738954956821, 0.01267009536703136, 0.8184950194451431], [-0.034525139139218564, 0.9993654558095156, 0.00875788228150667], [-0.817864684981894, -0.03328895339342258, 0.5744468666825833]], "fy": 1461.6102428536492, "fx": 1460.2523065223145}, {"id": 10, "img_name": "10.png", "width": 2682, "height": 2010, "position": [6.086865088976545, 1.7112946521677748, -1.2521753791391919], "rotation": [[0.9933495190499492, 0.022919318888573098, 0.11283367327583721], [-0.01583716190582457, 0.9978709481608352, -0.06326733058510359], [-0.1140434886611383, 0.06105960725618845, 0.991597603393492]], "fy": 1461.6102428536492, "fx": 1460.2523065223145}, {"id": 11, "img_name": "11.png", "width": 2682, "height": 2010, "position": [5.0931659315691356, 1.6914017394784042, -1.1378647401722595], "rotation": [[0.9713100475601163, 0.04230836249595088, 0.2340230629055086], [-0.04320807927590667, 0.9990652703667299, -0.001283523408331256], [-0.23385861838737393, -0.008864987871620955, 0.9722301983563278]], "fy": 1461.6102428536492, "fx": 1460.2523065223145}, {"id": 12, "img_name": "12.png", "width": 2682, "height": 2010, "position": [3.018212081196641, 1.662638674267101, -1.2841069316343752], "rotation": [[0.9967904698950759, 0.059630964402013924, 0.053412612844152704], [-0.06060300961587959, 0.9980211225556938, 0.016766459321225873], [-0.05230711569042212, -0.019949611955084854, 0.9984317596265608]], "fy": 1461.6102428536492, "fx": 1460.2523065223145}, {"id": 13, "img_name": "13.png", "width": 2682, "height": 2010, "position": [1.805815807090983, 1.6508477865825688, -0.8720766923648147], "rotation": [[0.9834274335512044, 0.054445457062223764, 0.17293401962649546], [-0.04608546186527426, 0.9975832649786625, -0.05199768878686548], [-0.1753471218570636, 0.0431662094675559, 0.9835598940667757]], "fy": 1461.6102428536492, "fx": 1460.2523065223145}, {"id": 14, "img_name": "14.png", "width": 2682, "height": 2010, "position": [-0.27751218647304965, 1.6523737078730951, -0.09053815372885057], "rotation": [[0.9183619161710328, 0.02223108964398343, 0.3951166531290603], [-0.018810939315314974, 0.9997445618487869, -0.012528352479587158], [-0.39529424418873665, 0.004073046405138662, 0.9185455191792278]], "fy": 1461.6102428536492, "fx": 1460.2523065223145}, {"id": 15, "img_name": "15.png", "width": 2682, "height": 2010, "position": [-2.415363365773793, 1.6384702855639377, 0.7016023609826056], "rotation": [[0.7913041909548229, 0.06484557272415226, 0.6079742832352453], [-0.06907263603840558, 0.9974753683972711, -0.016488189452891044], [-0.6075085582344, -0.0289472129712888, 0.7937854940304435]], "fy": 1461.6102428536492, "fx": 1460.2523065223145}, {"id": 16, "img_name": "16.png", "width": 2682, "height": 2010, "position": [-3.852612033395257, 1.661678070594554, 2.2243409300221098], "rotation": [[0.8023090600494075, 0.11450737106761133, 0.585822698547795], [-0.03559210581403562, 0.9888584068973134, -0.14454152729312744], [-0.5958467707106909, 0.09511631342567782, 0.7974456174272635]], "fy": 1461.6102428536492, "fx": 1460.2523065223145}, {"id": 17, "img_name": "17.png", "width": 2682, "height": 2010, "position": [-4.5762007224584, 1.6809713405926447, 2.920581269147385], "rotation": [[0.7127984447563969, 0.12450585174160461, 0.6902294328952945], [-0.0710752277474214, 0.9918740880204788, -0.10551827099699577], [-0.6977583314826948, 0.02615504531903605, 0.7158555891035877]], "fy": 1461.6102428536492, "fx": 1460.2523065223145}]