[{"id": 0, "img_name": "00.png", "width": 2689, "height": 2015, "position": [0.04061822702107002, -1.338432518765955, -0.21623878132423918], "rotation": [[0.9975206358590908, -0.014506495936218408, -0.06886321667572447], [0.021630519396092843, 0.9943564938771832, 0.1038618491792366], [0.06696791519773142, -0.10509388497875469, 0.9922049050847016]], "fy": 1454.0436099914057, "fx": 1462.0257207067752}, {"id": 1, "img_name": "01.png", "width": 2689, "height": 2015, "position": [4.871656288230508, -1.0548003226882612, 1.588247074816904], "rotation": [[0.7799850838723932, -0.01486930803194655, -0.6256214291528279], [0.07826326241241591, 0.9941866332566994, 0.07394457390690942], [0.6208849576959817, -0.10663883876130756, 0.776614465081934]], "fy": 1454.0436099914057, "fx": 1462.0257207067752}, {"id": 2, "img_name": "02.png", "width": 2689, "height": 2015, "position": [4.1574472349261296, -1.1517708610701693, 0.9256699296444262], "rotation": [[0.8489228789757477, -0.0053769500628582465, -0.5284893886915327], [0.062241898120482475, 0.994006960708118, 0.08986716965705288], [0.5248389197362251, -0.1091844790793617, 0.8441699223842795]], "fy": 1454.0436099914057, "fx": 1462.0257207067752}, {"id": 3, "img_name": "03.png", "width": 2689, "height": 2015, "position": [3.2948927803578005, -1.268855545312928, -0.0385459167275663], "rotation": [[0.9091025134163928, -0.0009799055315368138, -0.4165713142850173], [0.04043191449092009, 0.9954834794275574, 0.0858947174010308], [0.4146056926654485, -0.0949298792370099, 0.9050361526687484]], "fy": 1454.0436099914057, "fx": 1462.0257207067752}, {"id": 4, "img_name": "04.png", "width": 2689, "height": 2015, "position": [2.2363827696485723, -1.2950373065852687, -0.15767017618918455], "rotation": [[0.9569498710769168, 0.00743994094819076, -0.29015787344919663], [0.015608439374946347, 0.9969059130605257, 0.07703880272459024], [0.28983326390556213, -0.07825118391211179, 0.9538728591118429]], "fy": 1454.0436099914057, "fx": 1462.0257207067752}, {"id": 5, "img_name": "05.png", "width": 2689, "height": 2015, "position": [1.1304090414078867, -1.308506493364304, -0.18370326354522695], "rotation": [[0.9811507777815158, 0.004553932771496613, -0.19319009538544948], [0.011319942789500584, 0.996651140409323, 0.08098372192013835], [0.19291192330690402, -0.08164414257684717, 0.9778134913310015]], "fy": 1454.0436099914057, "fx": 1462.0257207067752}, {"id": 6, "img_name": "06.png", "width": 2689, "height": 2015, "position": [-1.0377198136849162, -1.3594545377632825, -0.2810279754578437], "rotation": [[0.9977647931614785, 0.003969031393525141, 0.06670580422443916], [-0.009329331545621272, 0.9967319799985758, 0.08023916513168834], [-0.06616933655662467, -0.0806821345646958, 0.9945411062704951]], "fy": 1454.0436099914057, "fx": 1462.0257207067752}, {"id": 7, "img_name": "07.png", "width": 2689, "height": 2015, "position": [-2.113242068871158, -1.3682941025821695, -0.33823239939704036], "rotation": [[0.9807918312828746, 0.010106699541787277, 0.19479537549222553], [-0.028680103749986335, 0.9952748542047114, 0.09276538274960218], [-0.19293738709144764, -0.0965702812057737, 0.9764473080766634]], "fy": 1454.0436099914057, "fx": 1462.0257207067752}, {"id": 8, "img_name": "08.png", "width": 2689, "height": 2015, "position": [-3.1976275767221374, -1.3953206922494878, -0.4022991936245831], "rotation": [[0.9531192775140621, -0.006654830545276325, 0.30252166213593], [-0.02471544566783371, 0.9947055830748668, 0.0997494348110791], [-0.301583801913353, -0.10255006694343508, 0.9479085895767506]], "fy": 1454.0436099914057, "fx": 1462.0257207067752}, {"id": 9, "img_name": "09.png", "width": 2689, "height": 2015, "position": [-4.117277569499776, -1.2718241213469281, 0.4961394479240864], "rotation": [[0.9013948354145023, 0.012044887315634682, 0.43283053424823903], [-0.056561128578441026, 0.9943233524420576, 0.09012163737039387], [-0.42928800288616903, -0.10571656198506162, 0.8969592070434771]], "fy": 1454.0436099914057, "fx": 1462.0257207067752}, {"id": 10, "img_name": "10.png", "width": 2689, "height": 2015, "position": [-4.8786307307561065, -1.227680628386418, 1.107730077257999], "rotation": [[0.8377976722946698, 0.007374165513225811, 0.5459310230978053], [-0.06893228103796194, 0.9933360895981812, 0.09236749283539983], [-0.5416118544940982, -0.11501754120471258, 0.8327229817212239]], "fy": 1454.0436099914057, "fx": 1462.0257207067752}, {"id": 11, "img_name": "11.png", "width": 2689, "height": 2015, "position": [5.634545332160096, 1.5690291649723347, 0.9335397040930419], "rotation": [[0.962471662146836, 0.0013449970041933984, -0.271378869014088], [-0.013858739159508924, 0.9989265479914654, -0.04420053242624255], [0.2710281072383738, 0.04630272887112957, 0.9614571349705984]], "fy": 1454.0436099914057, "fx": 1462.0257207067752}, {"id": 12, "img_name": "12.png", "width": 2689, "height": 2015, "position": [4.672829320035746, 1.5630209963724415, 0.6501777092060138], "rotation": [[0.9852111032372192, 0.05871919989345437, -0.16096936858288902], [-0.053421641667334666, 0.9978845961155884, 0.03704674124394827], [0.16280420835982198, -0.027899612884441857, 0.9862638598981665]], "fy": 1454.0436099914057, "fx": 1462.0257207067752}, {"id": 13, "img_name": "13.png", "width": 2689, "height": 2015, "position": [2.8669600246670712, 1.4899448418114618, -0.31707398650762625], "rotation": [[0.9328937358166628, 0.04883728532548188, -0.35682516340088466], [-0.029783593141306727, 0.9978311402814365, 0.058702240708863485], [0.35891811775615845, -0.0441354171463884, 0.9323249700076098]], "fy": 1454.0436099914057, "fx": 1462.0257207067752}, {"id": 14, "img_name": "14.png", "width": 2689, "height": 2015, "position": [1.5909245662855533, 1.4535008006794574, -0.4325053172290825], "rotation": [[0.9662413308945453, 0.028137943179061053, -0.256097533421916], [-0.02579433657341668, 0.9995890382335453, 0.012506272189319384], [0.25634418790344116, -0.005478211112030672, 0.9665700422272238]], "fy": 1454.0436099914057, "fx": 1462.0257207067752}, {"id": 15, "img_name": "15.png", "width": 2689, "height": 2015, "position": [0.5146386483081533, 1.438029002685898, -0.49125630413808746], "rotation": [[0.9950411386524947, 0.0038796010690265426, -0.09938853598223525], [-0.0038422512362130813, 0.9999924576630164, 0.0005672058868798925], [0.09938998689296967, -0.00018251746628821465, 0.9950485401189179]], "fy": 1454.0436099914057, "fx": 1462.0257207067752}, {"id": 16, "img_name": "16.png", "width": 2689, "height": 2015, "position": [-0.6131202062665497, 1.4079448003228787, -0.5624774623068362], "rotation": [[0.9999963173255382, 0.0026722903919821116, -0.000473497013897228], [-0.0026485630523504287, 0.9990051304575499, 0.04451667590073928], [0.0005919874314321878, -0.04451525787361742, 0.9990085291764663]], "fy": 1454.0436099914057, "fx": 1462.0257207067752}, {"id": 17, "img_name": "17.png", "width": 2689, "height": 2015, "position": [-1.7540432409896194, 1.3849942207152013, -0.6309750666896823], "rotation": [[0.9864235196698515, 0.06140268771118071, 0.15231004492148695], [-0.0635620972990011, 0.9979341331696309, 0.009344818988591595], [-0.15142159564967764, -0.01889909513231897, 0.9882885836505879]], "fy": 1454.0436099914057, "fx": 1462.0257207067752}, {"id": 18, "img_name": "18.png", "width": 2689, "height": 2015, "position": [-2.8769106338942736, 1.350191886026581, -0.7069694617696841], "rotation": [[0.9644365823828275, 0.061564281067804205, 0.25704458340594544], [-0.06951420809053051, 0.99733949592054, 0.02194777324716483], [-0.25500951636219, -0.039035486080833515, 0.9661502871661091]], "fy": 1454.0436099914057, "fx": 1462.0257207067752}, {"id": 19, "img_name": "19.png", "width": 2689, "height": 2015, "position": [-4.795161802696333, 1.3762533554052911, 0.07678698336136408], "rotation": [[0.9807591830418205, 0.04623553100025444, 0.18966734181789216], [-0.028927138324019868, 0.9952428707209652, -0.0930314406395788], [-0.19306642781054315, 0.08575490628656163, 0.9774310464172189]], "fy": 1454.0436099914057, "fx": 1462.0257207067752}, {"id": 20, "img_name": "20.png", "width": 2689, "height": 2015, "position": [-5.775316415660037, 1.3755034259957202, 0.3387170697558054], "rotation": [[0.9410328006643963, 0.11577797178517231, 0.31788791943550543], [-0.06527859861952862, 0.9841011613508714, -0.16517750691343122], [-0.33195778743086146, 0.13468617403868144, 0.933629295752243]], "fy": 1454.0436099914057, "fx": 1462.0257207067752}]