[{"id": 0, "img_name": "07.png", "width": 2521, "height": 1418, "position": [-2.2645920387910228, -0.44997810748319833, -0.6397001180247225], "rotation": [[0.9961941697171274, 0.056718500332848705, 0.0661829883096524], [-0.057660317960539414, 0.9982591660270759, 0.01240665851936769], [-0.06536408764981301, -0.016175573032178647, 0.9977303678262922]], "fy": 1841.862130722239, "fx": 1840.1365691451579}, {"id": 1, "img_name": "00.png", "width": 2521, "height": 1418, "position": [2.22684505052439, 2.110926610807882, 0.8721132259349427], "rotation": [[0.9664351659753567, 0.08722461992689241, -0.24165044101924107], [-0.12353443962288405, 0.9824980083738872, -0.13941630381130174], [0.22526054291252293, 0.16458897052948088, 0.9602958703372628]], "fy": 1841.862130722239, "fx": 1840.1365691451579}, {"id": 2, "img_name": "01.png", "width": 2521, "height": 1418, "position": [-4.673305616381827, -1.7896342686241444, -0.9609053777313438], "rotation": [[0.9764640700059765, -0.04488786681046031, 0.21095734023866006], [0.025652284466101023, 0.995330855981088, 0.09305077879107185], [-0.21414920100022236, -0.08544920447354164, 0.9730562949623239]], "fy": 1841.862130722239, "fx": 1840.1365691451579}, {"id": 3, "img_name": "02.png", "width": 2521, "height": 1418, "position": [4.349550097398668, -1.2526590778854856, 0.4538704207779855], "rotation": [[0.8624321786954486, 0.19212257224568266, -0.46829440994349275], [-0.1723300844521384, 0.9813445902089141, 0.08523577453403718], [0.47593390207395436, 0.007191140479842663, 0.8794516520851268]], "fy": 1841.862130722239, "fx": 1840.1365691451579}, {"id": 4, "img_name": "03.png", "width": 2521, "height": 1418, "position": [-4.613327913759574, -0.6114514931445263, -0.2623127407074793], "rotation": [[0.9538426547089341, -0.014609491036553594, 0.2999512507549615], [-0.007761301403318234, 0.9972830599517469, 0.07325476458092607], [-0.3002065160157916, -0.07220153118136008, 0.9511377327373397]], "fy": 1841.862130722239, "fx": 1840.1365691451579}, {"id": 5, "img_name": "04.png", "width": 2521, "height": 1418, "position": [-4.459024206792766, 0.9466436088182723, 0.3382581831183655], "rotation": [[0.9473259295300256, 0.0052496858483009595, 0.32022808127734126], [0.009928232771747597, 0.9989037589011651, -0.0457461544520733], [-0.3201171870332852, 0.04651581721970601, 0.9462353118090022]], "fy": 1841.862130722239, "fx": 1840.1365691451579}, {"id": 6, "img_name": "05.png", "width": 2521, "height": 1418, "position": [-4.5046757891505, 2.2611265197767043, 0.8877980013408772], "rotation": [[0.9426933634696869, -0.028354377153862718, 0.332453382847017], [0.07098389612505333, 0.9906164891215925, -0.11679151497997407], [-0.32602225224839537, 0.1336974224756273, 0.9358602942011468]], "fy": 1841.862130722239, "fx": 1840.1365691451579}, {"id": 7, "img_name": "06.png", "width": 2521, "height": 1418, "position": [-2.4257159387338176, -2.0507608939384694, -1.2766313322554166], "rotation": [[0.9883278344746023, 0.07599264797647495, 0.13203487818098236], [-0.09970252945580763, 0.9779610995066196, 0.1834434339842057], [-0.1151846223367386, -0.19446646318922803, 0.9741228348990776]], "fy": 1841.862130722239, "fx": 1840.1365691451579}, {"id": 8, "img_name": "08.png", "width": 2521, "height": 1418, "position": [4.354898425142402, -2.6272599124503895, -0.3991337555393778], "rotation": [[0.8799367388570173, 0.24841172161900363, -0.4049727795444526], [-0.16163953675869774, 0.9580959474851869, 0.23648428186434647], [0.4467482465171081, -0.14263159528920918, 0.8832169791501657]], "fy": 1841.862130722239, "fx": 1840.1365691451579}, {"id": 9, "img_name": "09.png", "width": 2521, "height": 1418, "position": [-2.237403082565031, 0.8986894746688028, 0.0515535800468966], "rotation": [[0.9941814764609281, 0.05946847741599026, 0.08981476524376679], [-0.050588590562583975, 0.9938898716177933, -0.09810054842077948], [-0.095099875745767, 0.09298614568520579, 0.9911153264599177]], "fy": 1841.862130722239, "fx": 1840.1365691451579}, {"id": 10, "img_name": "10.png", "width": 2521, "height": 1418, "position": [-2.057356636745948, 2.501717747320572, 0.4275947171594814], "rotation": [[0.9789571750861361, 0.04863179494984785, 0.19818627063277675], [-0.006741611331390476, 0.9783653500369287, -0.20677473860163514], [-0.20395440672863321, 0.20108751917280698, 0.9581056359342102]], "fy": 1841.862130722239, "fx": 1840.1365691451579}, {"id": 11, "img_name": "11.png", "width": 2521, "height": 1418, "position": [-0.036220491355500144, -2.0063037182060692, -0.8300343750951202], "rotation": [[0.9894952761698305, 0.11293919559812439, -0.09024320769586897], [-0.1002159639228875, 0.985783462381888, 0.13486187700526658], [0.10419145364470953, -0.12440138018537308, 0.9867463897047593]], "fy": 1841.862130722239, "fx": 1840.1365691451579}, {"id": 12, "img_name": "12.png", "width": 2521, "height": 1418, "position": [0.18708431779686738, -1.0198641776430482, -0.6035349101809978], "rotation": [[0.9952875784984344, 0.09385602860779224, -0.0243655900953848], [-0.09211349782328497, 0.9936365377660433, 0.06481924355521482], [0.030294217360458446, -0.06226938822795572, 0.9975995106675992]], "fy": 1841.862130722239, "fx": 1840.1365691451579}, {"id": 13, "img_name": "13.png", "width": 2521, "height": 1418, "position": [0.11753747724563564, 0.0507641502332527, 0.02075627008972459], "rotation": [[0.9983112568581536, 0.051790338507682165, -0.026313404712306483], [-0.05091175057605993, 0.9981568389965751, 0.03302905414398743], [0.027975490765579092, -0.03163361505780023, 0.9991079452765852]], "fy": 1841.862130722239, "fx": 1840.1365691451579}, {"id": 14, "img_name": "14.png", "width": 2521, "height": 1418, "position": [0.2053358401978604, 1.192222494103164, 0.4141086842575831], "rotation": [[0.9989829012576231, 0.03237463133538851, -0.03138544632149598], [-0.03624854837943972, 0.990592024884123, -0.13196015677603784], [0.026818011396918355, 0.13296361713593216, 0.9907580283716322]], "fy": 1841.862130722239, "fx": 1840.1365691451579}, {"id": 15, "img_name": "15.png", "width": 2521, "height": 1418, "position": [0.3019348615996942, 2.2025010332756105, 0.7084771753531351], "rotation": [[0.9967665084915052, 0.07512174949996525, -0.02851754375325355], [-0.07879444650513777, 0.9833611047317752, -0.16368375881757988], [0.01574683300232917, 0.16540151284908838, 0.9861005916221881]], "fy": 1841.862130722239, "fx": 1840.1365691451579}, {"id": 16, "img_name": "16.png", "width": 2521, "height": 1418, "position": [1.8093643359347646, -2.276142813795697, -1.0912184789610468], "rotation": [[0.994921255551692, 0.04510317917099902, -0.089985545951077], [-0.029413330323469992, 0.9852417513328886, 0.1686224997732661], [0.09626292770702057, -0.165119334601286, 0.9815645949656606]], "fy": 1841.862130722239, "fx": 1840.1365691451579}, {"id": 17, "img_name": "17.png", "width": 2521, "height": 1418, "position": [4.473880012980499, 0.06783083891995363, 0.9170419825225427], "rotation": [[0.8712731516735568, 0.1911022361849724, -0.452065294507254], [-0.19929597271032848, 0.9794815177054365, 0.029951155819078788], [0.44851333361927087, 0.06399915467064973, 0.8914818549848172]], "fy": 1841.862130722239, "fx": 1840.1365691451579}, {"id": 18, "img_name": "18.png", "width": 2521, "height": 1418, "position": [4.534185990475092, 1.7093491421492615, 1.510768826495739], "rotation": [[0.8833178742645512, 0.11936686523302062, -0.4533222744242735], [-0.18317515270207516, 0.9780431408043359, -0.09939053354400465], [0.43150480465149615, 0.1708308116530281, 0.8857880318409376]], "fy": 1841.862130722239, "fx": 1840.1365691451579}, {"id": 19, "img_name": "19.png", "width": 2521, "height": 1418, "position": [2.257253850522812, -0.7430577029627852, -0.5344339736206216], "rotation": [[0.9695423610869385, 0.14653204184675694, -0.19625486177464432], [-0.13875715472645997, 0.9889139822590315, 0.05287331751272059], [0.20182681206961015, -0.024031154878698165, 0.979126366474223]], "fy": 1841.862130722239, "fx": 1840.1365691451579}, {"id": 20, "img_name": "20.png", "width": 2521, "height": 1418, "position": [2.175184230418153, 0.744782056090859, 0.0555250751461651], "rotation": [[0.9678089541648747, 0.10663082590796324, -0.22798178700167446], [-0.11188045513121206, 0.9936694266342977, -0.01018991324295582], [0.22545197270798953, 0.03536859537007027, 0.9736120739101504]], "fy": 1841.862130722239, "fx": 1840.1365691451579}]