[{"id": 0, "img_name": "00.png", "width": 1221, "height": 685, "position": [0.3586941083079973, 0.3104779884808979, 0.15937164576943386], "rotation": [[0.9828069879736864, -0.0003662913028433496, 0.18463556055313776], [-0.04023161573963239, 0.9755450036067931, 0.2160864711933645], [-0.18019944918081324, -0.21979948081945877, 0.9587577101366267]], "fy": 611.9120240942162, "fx": 608.8450154701594}, {"id": 1, "img_name": "01.png", "width": 1221, "height": 685, "position": [4.3602357823334215, 0.2448462564006528, -0.45512141633521835], "rotation": [[0.9984629271708273, 0.009472521241605416, 0.054608189924136574], [-0.01956803821696162, 0.9820832324805943, 0.18742896350566055], [-0.051854362842510826, -0.18820944668585063, 0.9807590576856291]], "fy": 611.9120240942162, "fx": 608.8450154701594}, {"id": 2, "img_name": "02.png", "width": 1221, "height": 685, "position": [2.1726967477769112, 3.4002162853264095, -0.5874955577167581], "rotation": [[0.9916405751188713, 0.027385598774138997, 0.12609123188269747], [-0.019385950786423415, 0.9977462241984312, -0.06423906140254639], [-0.12756627567668766, 0.06125766137844011, 0.9899365354569067]], "fy": 611.9120240942162, "fx": 608.8450154701594}, {"id": 3, "img_name": "03.png", "width": 1221, "height": 685, "position": [2.055167674064965, -2.8507821910840945, 0.1004035891076946], "rotation": [[0.995991864214431, -0.03327267911378042, 0.08302490736672824], [0.0009764602379869905, 0.9322241914111364, 0.36187995726933636], [-0.08943854283286394, -0.3603484227417188, 0.9285201997175342]], "fy": 611.9120240942162, "fx": 608.8450154701594}, {"id": 4, "img_name": "04.png", "width": 1221, "height": 685, "position": [-1.3305047683442848, 3.489512755495347, 0.05656420177802548], "rotation": [[0.9839630060493004, 0.04693164424901336, 0.17208783656757504], [-0.043932624168759225, 0.9988096029876716, -0.021196733551571152], [-0.17287778127935044, 0.013296531415891879, 0.9848535297150717]], "fy": 611.9120240942162, "fx": 608.8450154701594}, {"id": 5, "img_name": "05.png", "width": 1221, "height": 685, "position": [4.284104430425785, -2.9378477166872625, -0.289296563593372], "rotation": [[0.999882040734099, -0.003992370524834213, 0.01483123713673411], [-0.001126819299601063, 0.9439566218900411, 0.3300676086322436], [-0.01531779669794754, -0.3300453862236743, 0.943840774779722]], "fy": 611.9120240942162, "fx": 608.8450154701594}, {"id": 6, "img_name": "06.png", "width": 1221, "height": 685, "position": [0.3456052452323959, -2.8095843252636423, 0.3435909315034616], "rotation": [[0.9944365334547931, -0.03181179222910179, 0.10041907590486294], [-0.011713695949123996, 0.9139998221226179, 0.4055454530469234], [-0.10468414520654809, -0.4044654930089776, 0.9085421810281452]], "fy": 611.9120240942162, "fx": 608.8450154701594}, {"id": 7, "img_name": "07.png", "width": 1221, "height": 685, "position": [-1.4704733355246549, -2.7818442906443943, 0.5398414972274066], "rotation": [[0.9771197779685177, -0.08221707566962048, 0.19615629475265584], [-0.0036383500910100067, 0.9156685503541133, 0.4019177382263836], [-0.21265865115571983, -0.3934354564102382, 0.8944187161100206]], "fy": 611.9120240942162, "fx": 608.8450154701594}, {"id": 8, "img_name": "08.png", "width": 1221, "height": 685, "position": [0.3505501216158987, 3.465811274396865, -0.27188430552443416], "rotation": [[0.9901510036641092, 0.018661518327028746, 0.13875423480631874], [-0.01901321916727476, 0.9998185008016783, 0.0012095253538324181], [-0.1387064794443801, -0.003835777419814398, 0.9903261075886727]], "fy": 611.9120240942162, "fx": 608.8450154701594}, {"id": 9, "img_name": "09.png", "width": 1221, "height": 685, "position": [4.4393791714356166, 3.409841167964704, -0.8467733299661203], "rotation": [[0.9973600303779105, 0.013902853376336347, 0.07127187715059544], [-0.015253197583134575, 0.9997136629676763, 0.018437245977667546], [-0.07099513904531306, -0.01947569623267044, 0.9972865122361724]], "fy": 611.9120240942162, "fx": 608.8450154701594}, {"id": 10, "img_name": "10.png", "width": 1221, "height": 685, "position": [-3.379888674431016, -2.7133494976291193, 0.8091951714575932], "rotation": [[0.9548533006673787, -0.10967030200807926, 0.27609346073760865], [-0.016617326290180517, 0.908192083759918, 0.41822362853237216], [-0.29661260706783593, -0.4039301472448852, 0.8653677816253312]], "fy": 611.9120240942162, "fx": 608.8450154701594}, {"id": 11, "img_name": "11.png", "width": 1221, "height": 685, "position": [-3.385951241753426, 3.49985782098564, 0.4040259997781639], "rotation": [[0.9547339796794704, 0.04386838879923249, 0.2942084167891189], [-0.0345690368053881, 0.9987268805409951, -0.03673689942279871], [-0.2954454429158593, 0.024903464598575033, 0.9550349772187611]], "fy": 611.9120240942162, "fx": 608.8450154701594}, {"id": 12, "img_name": "12.png", "width": 1221, "height": 685, "position": [-3.4453947758894863, 0.3243675236718729, 0.6385512270759702], "rotation": [[0.968963303496946, 0.012345819184919553, 0.24689612638706648], [-0.05430201436299441, 0.9849880657997531, 0.1638590902824207], [-0.24116676328301578, -0.17218040242929689, 0.9550876929930985]], "fy": 611.9120240942162, "fx": 608.8450154701594}]