[{"id": 0, "img_name": "00.png", "width": 2688, "height": 2017, "position": [0.2889911402205901, -1.2309487017752372, -0.20605958010636558], "rotation": [[0.9416623253174544, -0.012847639375826062, 0.3363138463402796], [0.008767938755458267, 0.9998684393018609, 0.013646513768781456], [-0.3364449261434998, -0.00990162868066323, 0.9416510868797238]], "fy": 1456.2605076743573, "fx": 1459.5000530943826}, {"id": 1, "img_name": "01.png", "width": 2688, "height": 2017, "position": [5.483926569984348, -1.158962625338061, -0.4714759782835603], "rotation": [[0.96447418909832, -0.019234805703920433, -0.2634759207454654], [0.02200762607822658, 0.999729094772094, 0.007576375160322817], [0.26325881363695935, -0.01310569783343967, 0.9646362204099322]], "fy": 1456.2605076743573, "fx": 1459.5000530943826}, {"id": 2, "img_name": "02.png", "width": 2688, "height": 2017, "position": [4.548731098461048, -1.1902741990132633, -0.7947126734371801], "rotation": [[0.9890258555376653, -0.0147075643858806, -0.14700865494189272], [0.01571416712486914, 0.9998603452027061, 0.005688149320925871], [0.14690446565561233, -0.007935845321113822, 0.9891188504570511]], "fy": 1456.2605076743573, "fx": 1459.5000530943826}, {"id": 3, "img_name": "03.png", "width": 2688, "height": 2017, "position": [2.3520565338166137, -1.2118689073989783, -1.0209142417196926], "rotation": [[0.9936241859949086, 0.012970376154267256, 0.11199440320110722], [-0.014764093406736492, 0.9997754408805286, 0.01520162353243084], [-0.11177208306116748, -0.016758196638105502, 0.9935925544676781]], "fy": 1456.2605076743573, "fx": 1459.5000530943826}, {"id": 4, "img_name": "04.png", "width": 2688, "height": 2017, "position": [1.3169357602948124, -1.225777935792908, -0.6087746225405193], "rotation": [[0.9778324775326186, 0.010286733880508795, 0.20913591032745338], [-0.01140067071800668, 0.9999265159873624, 0.004121569186019328], [-0.20907814469618913, -0.006414493857441247, 0.9778778981442172]], "fy": 1456.2605076743573, "fx": 1459.5000530943826}, {"id": 5, "img_name": "05.png", "width": 2688, "height": 2017, "position": [-0.7304750455293285, -1.2366704577845968, 0.15914604343458882], "rotation": [[0.8868598689672298, 0.010464844696143236, 0.4619199712514209], [-0.00975123043463551, 0.9999447247257558, -0.0039320475764058815], [-0.4619355867655561, -0.0010171128836485822, 0.8869128926568512]], "fy": 1456.2605076743573, "fx": 1459.5000530943826}, {"id": 6, "img_name": "06.png", "width": 2688, "height": 2017, "position": [-1.7485274511624997, -1.2317376908648698, 0.5368468899921257], "rotation": [[0.8259331503557017, 0.009183207377416194, 0.5636932675185764], [-0.021596327953076415, 0.9996488052015443, 0.015357893021778743], [-0.5633542666586, -0.024858297636575984, 0.8258414104876084]], "fy": 1456.2605076743573, "fx": 1459.5000530943826}, {"id": 7, "img_name": "07.png", "width": 2688, "height": 2017, "position": [-2.766890512097409, -1.2451483748523255, 0.9072360273773333], "rotation": [[0.7588590151613042, -0.011264237876546334, 0.6511575170828297], [-0.00806555903940911, 0.9996111752164588, 0.02669166798369728], [-0.651204992199689, -0.025507162277107642, 0.7584730995933686]], "fy": 1456.2605076743573, "fx": 1459.5000530943826}, {"id": 8, "img_name": "08.png", "width": 2688, "height": 2017, "position": [-3.288226372588716, -1.202298433234793, 2.100154846263215], "rotation": [[0.6713772253716525, 0.0005422307545341609, 0.7411155964072476], [-0.023300654083883324, 0.9995208181477648, 0.020376790927075547], [-0.7407494183403215, -0.030948991502654406, 0.6710681479204954]], "fy": 1456.2605076743573, "fx": 1459.5000530943826}, {"id": 9, "img_name": "09.png", "width": 2688, "height": 2017, "position": [-3.7628867565425685, -1.203155267122415, 2.9555152184930793], "rotation": [[0.5827093205654773, 0.010194015906551848, 0.8126167176263459], [-0.025500727195401474, 0.9996582920559063, 0.005745610182942951], [-0.812280469196832, -0.024070337836548817, 0.5827701589802011]], "fy": 1456.2605076743573, "fx": 1459.5000530943826}, {"id": 10, "img_name": "10.png", "width": 2688, "height": 2017, "position": [6.054409721566987, 1.6417954753742674, -1.1431933137746648], "rotation": [[0.9947783500043101, 0.019510596623097985, 0.10017669879823761], [-0.012265339627269294, 0.9972975148025329, -0.07243775543540411], [-0.10131927657918707, 0.07083080959654801, 0.9923292803325758]], "fy": 1456.2605076743573, "fx": 1459.5000530943826}, {"id": 11, "img_name": "11.png", "width": 2688, "height": 2017, "position": [5.054407476994081, 1.6165853227382407, -1.0448677307776846], "rotation": [[0.9742695417470981, 0.03980242822810364, 0.2218436988761365], [-0.038631379972366514, 0.999207249493944, -0.009617122239920877], [-0.22205061698930248, 0.0007995410518542504, 0.9750348118035461]], "fy": 1456.2605076743573, "fx": 1459.5000530943826}, {"id": 12, "img_name": "12.png", "width": 2688, "height": 2017, "position": [2.970400873664155, 1.5863429089611192, -1.217308225800852], "rotation": [[0.997490234267847, 0.057509271522458084, 0.04130273876187752], [-0.05786698187744085, 0.998296001607787, 0.007517019509171367], [-0.040800060645440735, -0.009888218386621565, 0.9991184004853814]], "fy": 1456.2605076743573, "fx": 1459.5000530943826}, {"id": 13, "img_name": "13.png", "width": 2688, "height": 2017, "position": [1.7525393643922895, 1.5653505557311242, -0.8194718614673107], "rotation": [[0.985538415710585, 0.05152787941541711, 0.16142772005334277], [-0.04217460303982431, 0.997255934088134, -0.06084328052001044], [-0.16411987697138763, 0.05315524027745217, 0.9850072011990283]], "fy": 1456.2605076743573, "fx": 1459.5000530943826}, {"id": 14, "img_name": "14.png", "width": 2688, "height": 2017, "position": [0.7423065682398546, 1.5630248625578236, -0.4530206798332573], "rotation": [[0.9529375799402201, 0.03135243522348992, 0.30154103127639836], [-0.01735031558514692, 0.9986479446538111, -0.04900254266682782], [-0.3026696801577138, 0.041464532365328106, 0.952193130236168]], "fy": 1456.2605076743573, "fx": 1459.5000530943826}, {"id": 15, "img_name": "15.png", "width": 2688, "height": 2017, "position": [-0.3276270899988821, 1.5521499240991943, -0.06382355041666857], "rotation": [[0.9230192783408973, 0.019543997975102662, 0.3842570024790677], [-0.012949169220897967, 0.9997212363127898, -0.0197425601611259], [-0.38453573413603265, 0.013246954683107718, 0.9230150526205333]], "fy": 1456.2605076743573, "fx": 1459.5000530943826}, {"id": 16, "img_name": "16.png", "width": 2688, "height": 2017, "position": [-2.4704882986925925, 1.535642319480882, 0.7062715588977992], "rotation": [[0.7983200696042657, 0.06264218080702989, 0.5989666298307273], [-0.06133152618060904, 0.9978612011368628, -0.022615639766649296], [-0.5991022536791172, -0.018681018426117937, 0.8004545640991535]], "fy": 1456.2605076743573, "fx": 1459.5000530943826}, {"id": 17, "img_name": "17.png", "width": 2688, "height": 2017, "position": [-3.9312469730945785, 1.5378686782653364, 2.216658985463547], "rotation": [[0.8089866130450875, 0.11132381864151997, 0.5771894553064078], [-0.028139822685787186, 0.9881119609766454, -0.15113868781387627], [-0.5871531404097659, 0.10602716622619816, 0.8025019811371136]], "fy": 1456.2605076743573, "fx": 1459.5000530943826}, {"id": 18, "img_name": "18.png", "width": 2688, "height": 2017, "position": [-4.658856407361109, 1.5513148655964453, 2.9062981968782093], "rotation": [[0.720463142599112, 0.1220649825713712, 0.6826660971412469], [-0.06295912003106754, 0.9918351833644902, -0.1109013897353938], [-0.6906294298400013, 0.03692030701631452, 0.7222657970364483]], "fy": 1456.2605076743573, "fx": 1459.5000530943826}]