[{"id": 0, "img_name": "00.png", "width": 2686, "height": 2012, "position": [0.4459631470913667, -1.3242020845168507, -0.18332857488541432], "rotation": [[0.9989551605762959, -0.014955684514737526, -0.04318465767703294], [0.019510094030374913, 0.9940624289456271, 0.10704785653924258], [0.04132727173323698, -0.10777854545045581, 0.9933155801414125]], "fy": 1455.6463430333204, "fx": 1463.8011796341602}, {"id": 1, "img_name": "01.png", "width": 2686, "height": 2012, "position": [5.299820207082938, -1.049953765484812, 1.491192719301292], "rotation": [[0.7951385284167327, -0.01516287866558956, -0.606238243381136], [0.07838426441270642, 0.9938710534086318, 0.07795021673411827], [0.601340691887512, -0.1095007593900138, 0.7914536979339085]], "fy": 1455.6463430333204, "fx": 1463.8011796341602}, {"id": 2, "img_name": "02.png", "width": 2686, "height": 2012, "position": [4.567906799710484, -1.1505816253873105, 0.8494137446214496], "rotation": [[0.8619190383614591, -0.0057686300634741715, -0.5070131104983856], [0.062003102800345856, 0.9936301454777853, 0.09409967715632735], [0.5032406845170481, -0.11254268925605997, 0.8567864124400122]], "fy": 1455.6463430333204, "fx": 1463.8011796341602}, {"id": 3, "img_name": "03.png", "width": 2686, "height": 2012, "position": [3.6863598709078933, -1.2674814072869292, -0.09185045123340638], "rotation": [[0.9193750388542266, -0.0009615359348046636, -0.3933810028209745], [0.039416423172882895, 0.9951896321090759, 0.08968802443391598], [0.39140245721769007, -0.09796260302405489, 0.9149904069949071]], "fy": 1455.6463430333204, "fx": 1463.8011796341602}, {"id": 4, "img_name": "04.png", "width": 2686, "height": 2012, "position": [1.5317178875995905, -1.3046034904045742, -0.18005210927378787], "rotation": [[0.9857461329876823, 0.004751078156421572, -0.16817249643203344], [0.009680396104002847, 0.9963433260914688, 0.08488973132398663], [0.16796086220039572, -0.08530770076224424, 0.9820955885042755]], "fy": 1455.6463430333204, "fx": 1463.8011796341602}, {"id": 5, "img_name": "05.png", "width": 2686, "height": 2012, "position": [-0.6256705980840798, -1.349022120813118, -0.21983508219791129], "rotation": [[0.9957216734800418, 0.003998009867286088, 0.09231665548104508], [-0.011745649502745726, 0.9964356498512554, 0.0835346360695058], [-0.0916536342970836, -0.08426156669922064, 0.9922195320076748]], "fy": 1455.6463430333204, "fx": 1463.8011796341602}, {"id": 6, "img_name": "06.png", "width": 2686, "height": 2012, "position": [-1.6982045749792036, -1.3512227430336226, -0.2468758826651557], "rotation": [[0.9754341639259133, 0.009946531000047413, 0.22006648624272487], [-0.03170712670330334, 0.9949173900078049, 0.09557219876239152], [-0.21799736228306751, -0.10020206375680345, 0.9707917884162918]], "fy": 1455.6463430333204, "fx": 1463.8011796341602}, {"id": 7, "img_name": "07.png", "width": 2686, "height": 2012, "position": [-2.774837732945829, -1.3793651207705895, -0.2814680190985393], "rotation": [[0.944985991976838, -0.007215949121808482, 0.32703119888754195], [-0.027819194894921493, 0.9943617777533995, 0.10232666973227036], [-0.32592570834923396, -0.10579501416120815, 0.939457209039177]], "fy": 1455.6463430333204, "fx": 1463.8011796341602}, {"id": 8, "img_name": "08.png", "width": 2686, "height": 2012, "position": [-3.661989011753298, -1.2473194385080142, 0.6299667201277508], "rotation": [[0.8899912235617189, 0.011266284739541074, 0.4558384503431915], [-0.05965715873322249, 0.9939787022588853, 0.09190953632578752], [-0.4520582323053013, -0.10899270748040779, 0.8853044359547152]], "fy": 1455.6463430333204, "fx": 1463.8011796341602}, {"id": 9, "img_name": "09.png", "width": 2686, "height": 2012, "position": [-4.403979488419825, -1.2017760817708132, 1.2599701379496346], "rotation": [[0.823444594679603, 0.006390300728459301, 0.5673606996871959], [-0.07242842112484466, 0.99294015331895, 0.09393601939779099], [-0.5627549407213647, -0.11844414710546007, 0.8180940414831007]], "fy": 1455.6463430333204, "fx": 1463.8011796341602}, {"id": 10, "img_name": "10.png", "width": 2686, "height": 2012, "position": [6.048062853164897, 1.5519647392718532, 0.8079700602427944], "rotation": [[0.9687483110982722, 0.004393666121900079, -0.2480068657159603], [-0.014946743940788534, 0.9990602316410861, -0.040684744055086854], [0.24759504152913403, 0.04312017220824485, 0.9679035830902362]], "fy": 1455.6463430333204, "fx": 1463.8011796341602}, {"id": 11, "img_name": "11.png", "width": 2686, "height": 2012, "position": [5.0856065358529605, 1.5455886530183451, 0.5482980436830317], "rotation": [[0.9887949845836588, 0.059824069688448174, -0.13676826805993275], [-0.05478154577546804, 0.9976829993404888, 0.040343711646509836], [0.13886490090966913, -0.03239928259820157, 0.9897812009643696]], "fy": 1455.6463430333204, "fx": 1463.8011796341602}, {"id": 12, "img_name": "12.png", "width": 2686, "height": 2012, "position": [3.2621344182073244, 1.4699834500143594, -0.3661501840608448], "rotation": [[0.9415695570213943, 0.049966798592524314, -0.3330917115884899], [-0.030834513008599275, 0.9975696094416069, 0.06248285465663881], [0.33540423685168036, -0.048561233066451666, 0.9408218771611381]], "fy": 1455.6463430333204, "fx": 1463.8011796341602}, {"id": 13, "img_name": "13.png", "width": 2686, "height": 2012, "position": [1.9913458360368461, 1.4379444866621747, -0.4498208010506317], "rotation": [[0.9723536042738038, 0.030076647766983034, -0.23156826966327557], [-0.02709709989302152, 0.9995041502707898, 0.016037480127936612], [0.23193580024034732, -0.009319273070748747, 0.9726864529314174]], "fy": 1455.6463430333204, "fx": 1463.8011796341602}, {"id": 14, "img_name": "14.png", "width": 2686, "height": 2012, "position": [0.9197652687850374, 1.4338083581444845, -0.4794192513241518], "rotation": [[0.9972317000148724, 0.005934076102459064, -0.0741196547904657], [-0.005702568379165797, 0.9999781801035938, 0.0033346709860617475], [0.07413782569868449, -0.002902767216737833, 0.9972437799972268]], "fy": 1455.6463430333204, "fx": 1463.8011796341602}, {"id": 15, "img_name": "15.png", "width": 2686, "height": 2012, "position": [-0.20321855103675218, 1.3991699666057675, -0.5209906901667692], "rotation": [[0.9996790838726516, 0.0035548297240579805, 0.025081715514868656], [-0.004743806631307112, 0.9988597334474285, 0.04750504390037499], [-0.024884243331486207, -0.047608781574040956, 0.9985560466748247]], "fy": 1455.6463430333204, "fx": 1463.8011796341602}, {"id": 16, "img_name": "16.png", "width": 2686, "height": 2012, "position": [-1.3368841567902807, 1.3802258505876983, -0.5607472589543272], "rotation": [[0.9821327014433318, 0.06286302480267503, 0.1773798096410118], [-0.06600578581174403, 0.9977486727124737, 0.011866858888155656], [-0.17623448299069477, -0.023362923899963684, 0.984070922643204]], "fy": 1455.6463430333204, "fx": 1463.8011796341602}, {"id": 17, "img_name": "17.png", "width": 2686, "height": 2012, "position": [-2.449449376478112, 1.347155814341287, -0.6096554395670084], "rotation": [[0.9575778408739559, 0.06221896258350399, 0.2813778231527942], [-0.07189689324045286, 0.9971186328402573, 0.02419232905586557], [-0.27906184871734707, -0.04339622953447549, 0.9592920576407622]], "fy": 1455.6463430333204, "fx": 1463.8011796341602}, {"id": 18, "img_name": "18.png", "width": 2686, "height": 2012, "position": [-4.336566245433497, 1.3870967432919716, 0.2292691511242319], "rotation": [[0.97535173192566, 0.05045829715273052, 0.21480912289300577], [-0.03150790610320671, 0.99537526789771, -0.0907487074869592], [-0.218394713495101, 0.08174372334319575, 0.9724308267488151]], "fy": 1455.6463430333204, "fx": 1463.8011796341602}, {"id": 19, "img_name": "19.png", "width": 2686, "height": 2012, "position": [-5.303202000596802, 1.390778135788533, 0.5156205838250231], "rotation": [[0.9319487167434534, 0.12123526363516973, 0.341721524360906], [-0.06818287758209714, 0.9842286521285718, -0.16323313246335602], [-0.356121727173245, 0.1288253514665715, 0.9255167984724314]], "fy": 1455.6463430333204, "fx": 1463.8011796341602}]