[{"id": 0, "img_name": "00.png", "width": 2688, "height": 2014, "position": [-0.059260952354279174, -1.3065738350102747, -0.25735836745099044], "rotation": [[0.9983042877575499, 0.04220348411733927, 0.040092580027339675], [-0.04475772094274597, 0.9968740966518804, 0.06510592784462003], [-0.0372195575054624, -0.06678997943445622, 0.9970726168069418]], "fy": 1455.0955761423838, "fx": 1461.4770878403056}, {"id": 1, "img_name": "01.png", "width": 2688, "height": 2014, "position": [4.919495122464508, -1.4092646229157157, 1.0314866995124297], "rotation": [[0.8430137263333343, 0.04155239435520958, -0.5362846778875332], [0.0016760937491313772, 0.9968039534503275, 0.07986907471319152], [0.5378894383823969, -0.06822958968912528, 0.8402497695135199]], "fy": 1455.0955761423838, "fx": 1461.4770878403056}, {"id": 2, "img_name": "02.png", "width": 2688, "height": 2014, "position": [4.138610371047394, -1.4334256520151363, 0.4474442615120876], "rotation": [[0.9005962045847267, 0.05053349419900959, -0.4317092102927897], [-0.014290373710588675, 0.9961241824699373, 0.08678939058324282], [0.43442175533322125, -0.07199290980810281, 0.8978278005444948]], "fy": 1455.0955761423838, "fx": 1461.4770878403056}, {"id": 3, "img_name": "03.png", "width": 2688, "height": 2014, "position": [3.180075636153164, -1.4559072161329205, -0.420728971320673], "rotation": [[0.9474530496922849, 0.05662951909074518, -0.31484252602902874], [-0.035271647664630014, 0.9966985316554334, 0.07312966475326377], [0.3179443811420653, -0.05818190924551616, 0.9463224798855492]], "fy": 1455.0955761423838, "fx": 1461.4770878403056}, {"id": 4, "img_name": "04.png", "width": 2688, "height": 2014, "position": [2.1222567156734127, -1.3990719396706488, -0.42909550329248203], "rotation": [[0.9804100171938592, 0.06688764386819515, -0.18526262786568248], [-0.05787739873589382, 0.9968821879538723, 0.0536293767991657], [0.18827215646904139, -0.04185625924592437, 0.9812245658667719]], "fy": 1455.0955761423838, "fx": 1461.4770878403056}, {"id": 5, "img_name": "05.png", "width": 2688, "height": 2014, "position": [1.0284722603982954, -1.3532034462543885, -0.3371869705120291], "rotation": [[0.9942226693992605, 0.06352125580389131, -0.08652360206154959], [-0.059246166788551664, 0.9969338990419672, 0.051114505395670376], [0.08950516953490399, -0.04569300824062147, 0.9949376732360931]], "fy": 1455.0955761423838, "fx": 1461.4770878403056}, {"id": 6, "img_name": "06.png", "width": 2688, "height": 2014, "position": [-1.1302627514599164, -1.2651166717539686, -0.2117499108537283], "rotation": [[0.9828955103369144, 0.06303482456834654, 0.17304053470552655], [-0.0698051139419186, 0.9970041316725393, 0.03331677498560817], [-0.17042201098183452, -0.04482602279394928, 0.9843510379195949]], "fy": 1455.0955761423838, "fx": 1461.4770878403056}, {"id": 7, "img_name": "07.png", "width": 2688, "height": 2014, "position": [-2.1979827772478155, -1.2020664021088256, -0.1570994843034379], "rotation": [[0.951854875913923, 0.0674282270386495, 0.29904135064789017], [-0.08262790402934282, 0.9958379316030598, 0.03846353411034053], [-0.2952031921822794, -0.061320862509948074, 0.9534646438890264]], "fy": 1455.0955761423838, "fx": 1461.4770878403056}, {"id": 8, "img_name": "08.png", "width": 2688, "height": 2014, "position": [-3.2795388202831286, -1.1644717007163718, -0.10741301734896139], "rotation": [[0.9135925562348077, 0.05000264959360048, 0.4035447635962698], [-0.07225159028573026, 0.9965805287251581, 0.04008687399969694], [-0.4001604039551297, -0.06577982061015532, 0.9140813236834913]], "fy": 1455.0955761423838, "fx": 1461.4770878403056}, {"id": 9, "img_name": "09.png", "width": 2688, "height": 2014, "position": [-4.0807160970756735, -1.0269166354803134, 0.8700902735915684], "rotation": [[0.8475099387240382, 0.06759068329640491, 0.5264583585579223], [-0.0946517831974989, 0.9952064147690777, 0.024601462151922437], [-0.5222719059087042, -0.07068020609763312, 0.8498449063002529]], "fy": 1455.0955761423838, "fx": 1461.4770878403056}, {"id": 10, "img_name": "10.png", "width": 2688, "height": 2014, "position": [-4.776682555094316, -0.9600365544496778, 1.5658123391950505], "rotation": [[0.7718278692305238, 0.06234456560954386, 0.6327676472592659], [-0.09871180932654197, 0.9948642700791761, 0.022384432521482842], [-0.6281223757983391, -0.07973856820125176, 0.774018114621786]], "fy": 1455.0955761423838, "fx": 1461.4770878403056}, {"id": 11, "img_name": "11.png", "width": 2688, "height": 2014, "position": [5.7886648949757475, 1.1761743305497476, 0.3992768478568472], "rotation": [[0.981981117554031, 0.07350012004376154, -0.17410002045057119], [-0.0864861326287287, 0.9939154650154336, -0.06820701771870899], [0.16802747879517385, 0.08203524094379791, 0.9823629602204219]], "fy": 1455.0955761423838, "fx": 1461.4770878403056}, {"id": 12, "img_name": "12.png", "width": 2688, "height": 2014, "position": [4.811754307552882, 1.2391167221176957, 0.21946800700647998], "rotation": [[0.9908269400498718, 0.12267541275167482, -0.05668084312723549], [-0.12259670434246539, 0.9924445893852558, 0.004876995416924184], [0.05685088350917854, 0.0021166261211631138, 0.9983804369768515]], "fy": 1455.0955761423838, "fx": 1461.4770878403056}, {"id": 13, "img_name": "13.png", "width": 2688, "height": 2014, "position": [2.916743814296743, 1.3210559271221183, -0.5501006148462195], "rotation": [[0.9605684738257647, 0.11138938115307968, -0.2547559868940765], [-0.104266738136636, 0.9936898904740584, 0.04133822550618397], [0.2577530880714859, -0.013145620410915484, 0.9661213889846476]], "fy": 1455.0955761423838, "fx": 1461.4770878403056}, {"id": 14, "img_name": "14.png", "width": 2688, "height": 2014, "position": [1.6417356734688227, 1.367405917596271, -0.5336689646202468], "rotation": [[0.9834221719851194, 0.09492238977278633, -0.15450104066928955], [-0.09798173809403907, 0.9951123101788284, -0.012291018290868294], [0.1525791946765396, 0.02722554040562934, 0.9879161701791707]], "fy": 1455.0955761423838, "fx": 1461.4770878403056}, {"id": 15, "img_name": "15.png", "width": 2688, "height": 2014, "position": [0.5714474972237149, 1.432459032085772, -0.47902783064482135], "rotation": [[0.9974473602832011, 0.07134151492672075, 0.0030251796697345], [-0.07118658764910976, 0.9968107037410529, -0.036067861679650835], [-0.0055886673679248836, 0.03576044120571349, 0.9993447641539047]], "fy": 1455.0955761423838, "fx": 1461.4770878403056}, {"id": 16, "img_name": "16.png", "width": 2688, "height": 2014, "position": [-0.5504518654231447, 1.470652228846211, -0.43493416377476396], "rotation": [[0.992374101801456, 0.06556618589381713, 0.10437776267524843], [-0.06610535199699062, 0.9978111823987093, 0.001710765163217658], [-0.1040371304444093, -0.008597647784546992, 0.994536251697979]], "fy": 1455.0955761423838, "fx": 1461.4770878403056}, {"id": 17, "img_name": "17.png", "width": 2688, "height": 2014, "position": [-1.684829230501926, 1.5230898011649885, -0.3862888917309721], "rotation": [[0.9593586170667073, 0.1263021762287347, 0.2523465952608445], [-0.11939041511994976, 0.9919338603924603, -0.0425810448955554], [-0.25568921103038533, 0.010722727581957227, 0.9666995657782527]], "fy": 1455.0955761423838, "fx": 1461.4770878403056}, {"id": 18, "img_name": "18.png", "width": 2688, "height": 2014, "position": [-2.80479078807897, 1.5567678289892695, -0.3475651822905866], "rotation": [[0.9266458582831139, 0.12427574754222137, 0.35479993221472506], [-0.11956599978809274, 0.9921998519616884, -0.03526223846946154], [-0.3564146812652716, -0.009746401388483105, 0.9342770374137155]], "fy": 1455.0955761423838, "fx": 1461.4770878403056}, {"id": 19, "img_name": "19.png", "width": 2688, "height": 2014, "position": [-4.623263033047707, 1.678310013073071, 0.6336651925600438], "rotation": [[0.9517978229888261, 0.12169220060395301, 0.2815526815107581], [-0.08269645602924232, 0.9857479309676666, -0.1465002141744787], [-0.29536790670947094, 0.11615517597219595, 0.9482962484271112]], "fy": 1455.0955761423838, "fx": 1461.4770878403056}, {"id": 20, "img_name": "20.png", "width": 2688, "height": 2014, "position": [-5.564231185896896, 1.7229076411031634, 0.9985037651958637], "rotation": [[0.8957477880700728, 0.19489874132232565, 0.39956273699951717], [-0.11056084774809914, 0.9682021817143482, -0.22441219723713263], [-0.43059516847358353, 0.156840734359889, 0.8888131327408798]], "fy": 1455.0955761423838, "fx": 1461.4770878403056}]