[{"id": 0, "img_name": "07.png", "width": 2518, "height": 1416, "position": [-2.2250766080250806, -0.5819410115093566, -0.6355178278180948], "rotation": [[0.9938227160822266, -0.0458855810288983, 0.10104910911327328], [0.05567473070852179, 0.9937950984745908, -0.0962892860520408], [-0.09600381950463942, 0.10132036173207516, 0.9902108113624098]], "fy": 1851.119136503357, "fx": 1848.0410867466517}, {"id": 1, "img_name": "00.png", "width": 2518, "height": 1416, "position": [2.03204125303771, 2.1913844287754114, 1.0669239310824183], "rotation": [[0.981100057604048, -0.00736883240699161, -0.1933607438915448], [-0.04827451189445282, 0.9583567004127096, -0.2814640408212327], [0.18738262585065416, 0.2854787821940921, 0.939888087192455]], "fy": 1851.119136503357, "fx": 1848.0410867466517}, {"id": 2, "img_name": "01.png", "width": 2518, "height": 1416, "position": [-4.413168583158657, -2.1141383668228566, -0.9964544993793705], "rotation": [[0.9587477271255546, -0.15195245165982935, 0.2402358178252156], [0.15629353895563597, 0.9877101501659356, 0.0009944545782118424], [-0.23743446551060368, 0.0365938750852142, 0.9707140479533308]], "fy": 1851.119136503357, "fx": 1848.0410867466517}, {"id": 3, "img_name": "02.png", "width": 2518, "height": 1416, "position": [4.453987560525565, -0.7519621246082163, 0.13461216998514233], "rotation": [[0.922247049356584, 0.045244193890321006, -0.38394445284740053], [-0.07615124398586463, 0.9949310691630997, -0.06567461955258201], [0.37902686974999544, 0.08980607180578667, 0.9210176444967456]], "fy": 1851.119136503357, "fx": 1848.0410867466517}, {"id": 4, "img_name": "03.png", "width": 2518, "height": 1416, "position": [-4.442876499239695, -1.040680089960481, -0.17263681146728196], "rotation": [[0.9363348771178517, -0.12119365350962588, 0.3295285970013627], [0.13036124375196806, 0.9914497206634193, -0.005779059081551085], [-0.32601065016366837, 0.04836889233191964, 0.9441279077722707]], "fy": 1851.119136503357, "fx": 1848.0410867466517}, {"id": 5, "img_name": "04.png", "width": 2518, "height": 1416, "position": [-4.426157148490769, 0.4170478392661775, 0.5874627983065471], "rotation": [[0.927030877500336, -0.09538263904771992, 0.36265121581107296], [0.14871318282480425, 0.9813198713770535, -0.12204793851040596], [-0.3442355899889978, 0.16707322409295833, 0.9238984773102025]], "fy": 1851.119136503357, "fx": 1848.0410867466517}, {"id": 6, "img_name": "05.png", "width": 2518, "height": 1416, "position": [-4.573688066299974, 1.6238843863027597, 1.2940287524022442], "rotation": [[0.9153865848048206, -0.12609906193590387, 0.3823171810659992], [0.2106748880265989, 0.9593051280378762, -0.18801532617107033], [-0.3430502760738533, 0.2526513366264248, 0.9047009506939483]], "fy": 1851.119136503357, "fx": 1848.0410867466517}, {"id": 7, "img_name": "06.png", "width": 2518, "height": 1416, "position": [-2.2459851866731753, -2.080558468052088, -1.4576173563026318], "rotation": [[0.9886415575986529, -0.030900796066254232, 0.1470816487240385], [0.019031865277388833, 0.9964973321378557, 0.08143006291413302], [-0.1490827243277135, -0.07770590611149261, 0.9857667743753684]], "fy": 1851.119136503357, "fx": 1848.0410867466517}, {"id": 8, "img_name": "08.png", "width": 2518, "height": 1416, "position": [4.506296242585715, -2.0190770829412257, -0.8663093884111748], "rotation": [[0.9092613488961976, 0.137364781676877, -0.39290547992911895], [-0.11045819608242756, 0.9897600308213861, 0.09041055417740254], [0.40130136596040056, -0.038807191901926844, 0.9151236066974799]], "fy": 1851.119136503357, "fx": 1848.0410867466517}, {"id": 9, "img_name": "09.png", "width": 2518, "height": 1416, "position": [-2.310910311390232, 0.6498933845168615, 0.19708924118520135], "rotation": [[0.9901478134203991, -0.037938037074557146, 0.13478877149722931], [0.0652287015280708, 0.9767435774233054, -0.20424788973031113], [-0.1239053028557076, 0.2110276979575264, 0.9695951663550011]], "fy": 1851.119136503357, "fx": 1848.0410867466517}, {"id": 10, "img_name": "10.png", "width": 2518, "height": 1416, "position": [-2.273054084143382, 2.1801948091093672, 0.7750758835870062], "rotation": [[0.9665810317642077, -0.04340253892979462, 0.2526605007675063], [0.11977736055062284, 0.9478353597207619, -0.29540060047762307], [-0.22665942057008243, 0.315791625090758, 0.9213583214956995]], "fy": 1851.119136503357, "fx": 1848.0410867466517}, {"id": 11, "img_name": "11.png", "width": 2518, "height": 1416, "position": [0.15621773715138412, -1.8511894049166564, -1.052426107098912], "rotation": [[0.9978534104999056, 0.005940512698717265, -0.0652171868649931], [-0.005287320259234601, 0.9999341662707247, 0.010183681502621039], [0.06527338966365494, -0.00981699716547364, 0.9978191274817644]], "fy": 1851.119136503357, "fx": 1848.0410867466517}, {"id": 12, "img_name": "12.png", "width": 2518, "height": 1416, "position": [0.2833491455543359, -0.8922994922404792, -0.7323496172138517], "rotation": [[0.9998929071940456, -0.009964955252304898, 0.010717920034205764], [0.010526146596400363, 0.9985045733976384, -0.053645290024671693], [-0.010167319256871858, 0.05375236339752525, 0.9985025333209272]], "fy": 1851.119136503357, "fx": 1848.0410867466517}, {"id": 13, "img_name": "13.png", "width": 2518, "height": 1416, "position": [0.1378737094596992, 0.06840917944965859, 0.046665782217028835], "rotation": [[0.99857301063755, -0.052503917769167185, 0.00976120100950121], [0.05315538302145995, 0.994789561011234, -0.08699560080209992], [-0.00514273099639137, 0.08739031938358488, 0.9961608727489422]], "fy": 1851.119136503357, "fx": 1848.0410867466517}, {"id": 14, "img_name": "14.png", "width": 2518, "height": 1416, "position": [0.1187787706701827, 1.1355154713092075, 0.5683577132825939], "rotation": [[0.9977882195813159, -0.06300383662826894, 0.021193995254939618], [0.06629943692917456, 0.9662731450642607, -0.24883848936709269], [-0.004801408920557972, 0.24969326322057767, 0.968313079935739]], "fy": 1851.119136503357, "fx": 1848.0410867466517}, {"id": 15, "img_name": "15.png", "width": 2518, "height": 1416, "position": [0.1283347197796359, 2.104643110197973, 0.9500011762131396], "rotation": [[0.9996059144874931, -0.01944043828265298, 0.020250557547905085], [0.0243466465002407, 0.9594891603761029, -0.2806916313767718], [-0.013973422122550086, 0.28107404803741587, 0.9595843490772688]], "fy": 1851.119136503357, "fx": 1848.0410867466517}, {"id": 16, "img_name": "16.png", "width": 2518, "height": 1416, "position": [1.9832103295804895, -1.8887264502903747, -1.3993553527449698], "rotation": [[0.9957310788684877, -0.06100794009089329, -0.06926506927206193], [0.06422416013136276, 0.9969115405902141, 0.04519554727478065], [0.0662938596765842, -0.04945110194840793, 0.9965739875620222]], "fy": 1851.119136503357, "fx": 1848.0410867466517}, {"id": 17, "img_name": "17.png", "width": 2518, "height": 1416, "position": [4.434050903590849, 0.45545051496665134, 0.7337466030001127], "rotation": [[0.9212797232863882, 0.10179930902257499, -0.37534060817327297], [-0.1571129466883952, 0.9802919664321929, -0.11976302656243258], [0.355751589517525, 0.1693061169332955, 0.9191171009858993]], "fy": 1851.119136503357, "fx": 1848.0410867466517}, {"id": 18, "img_name": "18.png", "width": 2518, "height": 1416, "position": [4.303673375323673, 2.010997055024099, 1.4856788047684015], "rotation": [[0.9219190887778578, 0.026102759541997117, -0.38650205651625846], [-0.12781304156690246, 0.96235259407878, -0.23987770024589655], [0.3656897867761987, 0.27054783424403084, 0.8905474997064686]], "fy": 1851.119136503357, "fx": 1848.0410867466517}, {"id": 19, "img_name": "19.png", "width": 2518, "height": 1416, "position": [2.2311616440799864, -0.3984167554766489, -0.6880346202826546], "rotation": [[0.9909711859262963, -0.0054832081897945775, -0.13396284220550495], [-0.003009212165995489, 0.9980020871784806, -0.06310925945957645], [0.13404123733377604, 0.06294258030414297, 0.9889748117513846]], "fy": 1851.119136503357, "fx": 1848.0410867466517}, {"id": 20, "img_name": "20.png", "width": 2518, "height": 1416, "position": [2.0856608279419526, 0.9584515316948597, 0.0837936574651375], "rotation": [[0.9824872555485593, 0.004942927870010866, -0.18626422133284656], [-0.03292736314757183, 0.9885213702207318, -0.1474492772890895], [0.18339733215291792, 0.15100022543360242, 0.9713724056602563]], "fy": 1851.119136503357, "fx": 1848.0410867466517}]