[{"id": 0, "img_name": "00.png", "width": 1217, "height": 680, "position": [0.3770350794001341, 0.24466587516056318, 0.2394957061657164], "rotation": [[0.9870068717402836, 0.0667279306832983, 0.14616709070164968], [-0.03770216762836395, 0.9804710993707132, -0.19301546532572886], [-0.156192130703125, 0.18499677447325896, 0.97024750024976]], "fy": 616.8901201154007, "fx": 613.4989347887347}, {"id": 1, "img_name": "01.png", "width": 1217, "height": 680, "position": [4.424445260791741, 0.15063598004576254, -0.24502737923326665], "rotation": [[0.9970595058455719, 0.07548390779173962, 0.013210657344442019], [-0.07076366214003053, 0.9730893945745552, -0.21929326092485657], [-0.029408262844236754, 0.2177135958800317, 0.9755695486460565]], "fy": 616.8901201154007, "fx": 613.4989347887347}, {"id": 2, "img_name": "02.png", "width": 1217, "height": 680, "position": [4.1517821062020435, -2.860559362220073, -1.3736872598358927], "rotation": [[0.9975955634049611, 0.06744393167368763, -0.015950171006393107], [-0.06840979870187913, 0.9951434901550731, -0.07077805764181488], [0.011099158360281407, 0.07169902427770303, 0.9973645565194899]], "fy": 616.8901201154007, "fx": 613.4989347887347}, {"id": 3, "img_name": "03.png", "width": 1217, "height": 680, "position": [0.15856659374709406, -2.6849083446331026, -0.8859089917369486], "rotation": [[0.996205919815608, 0.042966265387590026, 0.07568134091690872], [-0.043462910598348795, 0.9990428929999631, 0.004926799020102697], [-0.07539721962153592, -0.008197437703802804, 0.99711988310756]], "fy": 616.8901201154007, "fx": 613.4989347887347}, {"id": 4, "img_name": "04.png", "width": 1217, "height": 680, "position": [-1.6906826392127148, -2.612449880263499, -0.7286786156888213], "rotation": [[0.9850184607752368, -0.008147053541276128, 0.17225637129168583], [0.008170908236689312, 0.9999664547900193, 0.0005705727543077321], [-0.17225524140231888, 0.0008454663068009586, 0.9850519869510203]], "fy": 616.8901201154007, "fx": 613.4989347887347}, {"id": 5, "img_name": "05.png", "width": 1217, "height": 680, "position": [0.558442984083615, 3.334864095698229, 1.0782158861951825], "rotation": [[0.9933520940939811, 0.07542161490920096, 0.08696664397107068], [-0.03473627909794572, 0.9166441429067449, -0.3981920468683275], [-0.10974975204314763, 0.392524005991031, 0.9131702451609014]], "fy": 616.8901201154007, "fx": 613.4989347887347}, {"id": 6, "img_name": "06.png", "width": 1217, "height": 680, "position": [4.695507967948405, 3.2143728238857627, 0.6654646419392404], "rotation": [[0.9972082825132792, 0.07200803297383666, 0.019760680002332474], [-0.05907005237410172, 0.9226289949293092, -0.38113838251775956], [-0.045676801545605314, 0.37890708742773865, 0.92430679370953]], "fy": 616.8901201154007, "fx": 613.4989347887347}, {"id": 7, "img_name": "07.png", "width": 1217, "height": 680, "position": [-3.6456238880112366, -2.5163793467755173, -0.49200544017462783], "rotation": [[0.9661827090589384, -0.03509660540667927, 0.2554588049068942], [0.030657821581791953, 0.9993021440211145, 0.02133829727655309], [-0.25602943325209665, -0.012784883407031673, 0.9665844381454104]], "fy": 616.8901201154007, "fx": 613.4989347887347}, {"id": 8, "img_name": "08.png", "width": 1217, "height": 680, "position": [-3.219784435863139, 3.3909124836433944, 1.6523247801470964], "rotation": [[0.9653763265652496, 0.0993571617805815, 0.24119847120222748], [0.014927569456495008, 0.9020677920114477, -0.4313361407136121], [-0.2604337070686242, 0.4200022059686102, 0.8693517304313573]], "fy": 616.8901201154007, "fx": 613.4989347887347}, {"id": 9, "img_name": "09.png", "width": 1217, "height": 680, "position": [-3.4790058110274384, 0.36211320385838475, 0.5829316520929454], "rotation": [[0.9754891811202169, 0.0774834182768351, 0.20595430903369252], [-0.025342562114461877, 0.9692857787968201, -0.24462794927750262], [-0.21858319254435674, 0.2334125080504015, 0.9474914189705034]], "fy": 616.8901201154007, "fx": 613.4989347887347}, {"id": 10, "img_name": "10.png", "width": 1217, "height": 680, "position": [2.400586151909926, 3.2699292077359456, 0.8494996953356603], "rotation": [[0.9942355400095068, 0.08095843196371595, 0.07029525784845457], [-0.04000399437239688, 0.8883890636347258, -0.4573451126321002], [-0.09947548148291403, 0.45189667392910904, 0.8865066410780864]], "fy": 616.8901201154007, "fx": 613.4989347887347}, {"id": 11, "img_name": "11.png", "width": 1217, "height": 680, "position": [1.8955345950828675, -2.7628439274052674, -1.0639872491148135], "rotation": [[0.9977132364576105, 0.039783960776706456, 0.05464004266284953], [-0.03757353059922229, 0.9984563961253712, -0.04090299297906447], [-0.05618298314961427, 0.038756438191009934, 0.9976679863076476]], "fy": 616.8901201154007, "fx": 613.4989347887347}, {"id": 12, "img_name": "12.png", "width": 1217, "height": 680, "position": [-1.1524751221277607, 3.3487700875741586, 1.3477320365332617], "rotation": [[0.98750831030654, 0.10277306130047165, 0.11943632172187722], [-0.04377178575383146, 0.9070987513598961, -0.4186357438791362], [-0.1513650152691927, 0.40817833498637157, 0.9002661156570931]], "fy": 616.8901201154007, "fx": 613.4989347887347}]