[{"id": 0, "img_name": "00.png", "width": 2689, "height": 2016, "position": [-0.03536359264123425, -1.3202421867168328, -0.24441690014321396], "rotation": [[0.9991262475506205, 0.023449889991858895, 0.034595434883606904], [-0.026017956723823284, 0.9967871887724629, 0.07575200477220394], [-0.03270791010342036, -0.07658591880013235, 0.9965263617477492]], "fy": 1455.3773780789124, "fx": 1460.8677260281404}, {"id": 1, "img_name": "01.png", "width": 2689, "height": 2016, "position": [4.967433354436795, -1.3227026788306495, 1.0778050868398834], "rotation": [[0.8400838646376387, 0.022520935297740272, -0.5419888447641747], [0.023800337759716718, 0.9966454200549427, 0.07830357977787612], [0.541934169708843, -0.07868109148214586, 0.8367297302864081]], "fy": 1455.3773780789124, "fx": 1460.8677260281404}, {"id": 2, "img_name": "02.png", "width": 2689, "height": 2016, "position": [4.1776950852335775, -1.3602685621660227, 0.48087561302207943], "rotation": [[0.8986288053531003, 0.031767738360860893, -0.4375580887026263], [0.0073378254842426435, 0.9961469263464839, 0.08739254800962805], [0.4386484087590223, -0.08174418590877419, 0.8949332162587829]], "fy": 1455.3773780789124, "fx": 1460.8677260281404}, {"id": 3, "img_name": "03.png", "width": 2689, "height": 2016, "position": [3.21913891027402, -1.407370206825424, -0.39569535351973045], "rotation": [[0.9465356519918741, 0.03766682188423235, -0.3203926809985818], [-0.013856373733779704, 0.9969905433378956, 0.07627488054240059], [0.32230150544989294, -0.06775741305531945, 0.9442090195294596]], "fy": 1455.3773780789124, "fx": 1460.8677260281404}, {"id": 4, "img_name": "04.png", "width": 2689, "height": 2016, "position": [2.154962338297699, -1.3688593074390918, -0.40879896685175365], "rotation": [[0.980511937127292, 0.04800095491643434, -0.190505247901457], [-0.03726764641944068, 0.9975305179507546, 0.05953140589012643], [0.1928923629417212, -0.05127157188939957, 0.9798794631151065]], "fy": 1455.3773780789124, "fx": 1460.8677260281404}, {"id": 5, "img_name": "05.png", "width": 2689, "height": 2016, "position": [1.055754425175225, -1.3424376249325403, -0.32199113505411114], "rotation": [[0.9947846741133648, 0.04467249514852841, -0.09169416735197003], [-0.03935819094928358, 0.9974836012491658, 0.05896946705028538], [0.09409774149450195, -0.055053005514682556, 0.9940396277963139]], "fy": 1455.3773780789124, "fx": 1460.8677260281404}, {"id": 6, "img_name": "06.png", "width": 2689, "height": 2016, "position": [-1.1096779403305077, -1.2967717960011946, -0.20378232379712524], "rotation": [[0.9847553392137349, 0.044254210660299435, 0.16822154062091907], [-0.05272857693298321, 0.9975374867791734, 0.04624564460479554], [-0.1657607283546503, -0.05441072788636836, 0.9846638277230516]], "fy": 1455.3773780789124, "fx": 1460.8677260281404}, {"id": 7, "img_name": "07.png", "width": 2689, "height": 2016, "position": [-2.1795553076540237, -1.2499274662588868, -0.15565944956266903], "rotation": [[0.9545237661330216, 0.04868224785632403, 0.2941333347835438], [-0.06720704708473745, 0.9963197604948283, 0.05319913222673496], [-0.2904610003242823, -0.07054766892806014, 0.9542826801841445]], "fy": 1455.3773780789124, "fx": 1460.8677260281404}, {"id": 8, "img_name": "08.png", "width": 2689, "height": 2016, "position": [-3.2683681955899764, -1.2318564173054534, -0.1086703035458399], "rotation": [[0.9164564004441794, 0.03149099132880268, 0.39889344886827477], [-0.05882678707994833, 0.9966696496142018, 0.056471396828436445], [-0.39578665364909427, -0.07521919304960396, 0.9152567933592289]], "fy": 1455.3773780789124, "fx": 1460.8677260281404}, {"id": 9, "img_name": "09.png", "width": 2689, "height": 2016, "position": [-4.081608116725391, -1.0922188278548177, 0.8720481374189796], "rotation": [[0.8511223642482784, 0.0493784095404896, 0.5226399274334791], [-0.08370716799011726, 0.9955941033676933, 0.042255075039020575], [-0.51825074153685, -0.07971294757271655, 0.8515057339124467]], "fy": 1455.3773780789124, "fx": 1460.8677260281404}, {"id": 10, "img_name": "10.png", "width": 2689, "height": 2016, "position": [-4.781430630240194, -1.0389957411432642, 1.5622557233167444], "rotation": [[0.7761205705533102, 0.043971991317347164, 0.6290495401346312], [-0.09026259176076348, 0.9950399797821301, 0.04181032365107868], [-0.6240909585089611, -0.08922949408556198, 0.7762400227330466]], "fy": 1455.3773780789124, "fx": 1460.8677260281404}, {"id": 11, "img_name": "11.png", "width": 2689, "height": 2016, "position": [5.782605738691472, 1.287524750328376, 0.4115095609764552], "rotation": [[0.9827027682322373, 0.05398980061265722, -0.17714505564227062], [-0.06588681554686406, 0.9959005694982416, -0.06197566627452926], [0.17307280793293658, 0.07257518241715848, 0.9822314625643617]], "fy": 1455.3773780789124, "fx": 1460.8677260281404}, {"id": 12, "img_name": "12.png", "width": 2689, "height": 2016, "position": [4.802780716741065, 1.3294641530116953, 0.22709774981027073], "rotation": [[0.9927449061895246, 0.10351789551850807, -0.06116859114097221], [-0.10287762046322171, 0.9946019411958907, 0.013534170724171927], [0.06223942835998322, -0.007143099942250141, 0.9980356855747382]], "fy": 1455.3773780789124, "fx": 1460.8677260281404}, {"id": 13, "img_name": "13.png", "width": 2689, "height": 2016, "position": [2.9040407517755, 1.3679591543246978, -0.5524300028504144], "rotation": [[0.961230055049615, 0.09221942086094113, -0.25986988991683263], [-0.08311200920666464, 0.9954851987019431, 0.045843353836561886], [0.26292427654164113, -0.022467700848674634, 0.9645548337049735]], "fy": 1455.3773780789124, "fx": 1460.8677260281404}, {"id": 14, "img_name": "14.png", "width": 2689, "height": 2016, "position": [1.6242365130414624, 1.3931682435045725, -0.541449355015477], "rotation": [[0.9844392887424869, 0.07557998486309807, -0.1586409552047648], [-0.07749470611872562, 0.9969752507192663, -0.005909312720481032], [0.15771448032364901, 0.018111193813494443, 0.9873186554273606]], "fy": 1455.3773780789124, "fx": 1460.8677260281404}, {"id": 15, "img_name": "15.png", "width": 2689, "height": 2016, "position": [0.547798493142649, 1.4395577172378022, -0.4919176298330289], "rotation": [[0.9986418584164533, 0.052096108118249405, -0.0006588910866820259], [-0.05209526811272319, 0.9982907214358039, -0.02648997046894535], [-0.0007222595073279899, 0.02648831844632233, 0.9996488620146027]], "fy": 1455.3773780789124, "fx": 1460.8677260281404}, {"id": 16, "img_name": "16.png", "width": 2689, "height": 2016, "position": [-0.5807618465669215, 1.453940048495984, -0.44888497666321825], "rotation": [[0.9938758499212511, 0.04654459590208082, 0.10022173185303956], [-0.048125403229157766, 0.9987512483510207, 0.013412288444148669], [-0.09947231025436946, -0.018153360834569292, 0.994874723260707]], "fy": 1455.3773780789124, "fx": 1460.8677260281404}, {"id": 17, "img_name": "17.png", "width": 2689, "height": 2016, "position": [-1.719680302666247, 1.4864097161650653, -0.40681421478311286], "rotation": [[0.9625102354810976, 0.10734659790651548, 0.2490998886230564], [-0.10352836422118858, 0.9942204287346557, -0.02841860109791404], [-0.25071083820969353, 0.0015642904379713236, 0.9680607566674825]], "fy": 1455.3773780789124, "fx": 1460.8677260281404}, {"id": 18, "img_name": "18.png", "width": 2689, "height": 2016, "position": [-2.8428503527667566, 1.4973975036263814, -0.37329075239263165], "rotation": [[0.930214317693629, 0.10541526318451276, 0.35155219448257785], [-0.10533093034612921, 0.9942475075560175, -0.019423924193259758], [-0.35157747122105987, -0.018960907319707378, 0.9359667546037189]], "fy": 1455.3773780789124, "fx": 1460.8677260281404}, {"id": 19, "img_name": "19.png", "width": 2689, "height": 2016, "position": [-4.6685417903024815, 1.5964316234482723, 0.601612629522109], "rotation": [[0.9544767056748031, 0.10238021514827654, 0.2801651474940585], [-0.06733899802595156, 0.988962234213265, -0.1319816602591733], [-0.29058506098737386, 0.107107379979624, 0.9508355964544368]], "fy": 1455.3773780789124, "fx": 1460.8677260281404}, {"id": 20, "img_name": "20.png", "width": 2689, "height": 2016, "position": [-5.614731360862204, 1.6336680280703284, 0.9667783301822391], "rotation": [[0.8994747574722605, 0.17589916940162184, 0.4000058035504459], [-0.09761715530434115, 0.9731537800090199, -0.20842891220856155], [-0.42592963228743136, 0.14842911661118133, 0.8924980367942095]], "fy": 1455.3773780789124, "fx": 1460.8677260281404}]